0.000000000000000000e+00 7.081478226181048274e-01 2.909047389129443273e-01 5.108276051976630150e-01 8.929469543476546978e-01 8.962930889334380646e-01
7.081478226181048274e-01 0.000000000000000000e+00 5.146720330082987793e-02 4.408098436506364681e-01 2.987621087856695556e-02 4.568332243947110793e-01
2.909047389129443273e-01 5.146720330082987793e-02 0.000000000000000000e+00 5.908628174163508273e-01 2.398188237716536442e-02 5.588540879908819869e-01
5.108276051976630150e-01 4.408098436506364681e-01 5.908628174163508273e-01 0.000000000000000000e+00 4.404537176707394863e-01 1.568677384749632697e-01
8.929469543476546978e-01 2.987621087856695556e-02 2.398188237716536442e-02 4.404537176707394863e-01 0.000000000000000000e+00 9.363836498604304337e-01
8.962930889334380646e-01 4.568332243947110793e-01 5.588540879908819869e-01 1.568677384749632697e-01 9.363836498604304337e-01 0.000000000000000000e+00
