0.000000000000000000e+00,6.790040600000000204e+00,1.253653419999999869e+03,4.551654399999999612e+01,4.727113199999999793e+00,1.509985639999999876e+02,1.577572199999999793e+04,3.296278400000000147e+03,1.610770200000000614e+02,3.101614600000000337e+02,1.532527999999999793e+02,3.324943160000000120e+01,1.245139019999999874e+01,2.992813999999999942e+04,1.317489799999999178e+01,1.262580000000000346e+01,2.194643399999999019e+03,1.019237399999999951e+02,5.340937000000000126e+02,3.310661600000000249e+01,1.084448600000000397e+03,5.281513999999999243e+01,3.290003000000001521e+03,5.016211400000000253e+02,2.823572600000000321e+00,1.208134799999999814e+03,3.260695400000000745e+02,1.280073199999999588e+03,2.202073599999999715e+04,1.991655600000000049e+04,4.522567599999999466e+00,4.753597020000000839e+01,2.392791040000000180e+02,1.257753000000000156e+03,0.000000000000000000e+00,4.107259399999999800e+02,1.550217400000000225e+02,4.705070399999998472e+02,7.984749600000000669e+01,6.690170000000000528e+01,1.037733160000000083e+02,2.201109060000000639e+01,7.986152400000001705e+01,1.348779140000000609e+01,5.947292600000000107e+01,1.061404640000000121e+01,2.886865440000000405e+01,8.804842799999999414e+00,1.595058000000000309e+00,8.498148800000000946e+00,1.865434800000000504e+00,2.698308200000000312e+01,5.496082799999999935e+00,2.174301999999999901e-01,5.501185800000001791e+00,5.467894400000000843e+01,2.023532640000000526e+01,2.721499400000000435e+01,1.436323380000000327e+01,1.977896399999999888e+00,6.175194599999998424e+00,1.002092999999999900e+00,3.161058200000000085e+01,2.078238199999999924e+00,2.478447999999999496e+01,8.054958000000000951e+00,9.977199999999997182e-01,3.533149599999999335e+00,3.578884200000000071e+00,3.484733599999999853e+01,1.278988580000000042e+01,2.672171800000000985e+01,1.972500120000000550e+02,2.370527999999999802e-01,2.453354239999999820e+01,7.008702799999997524e+01,2.668837399999999889e+02,6.855300000000001148e+01,7.459002200000000471e+01,4.810809999999999809e-01,8.088549999999998796e-01,4.398694599999999788e+00,3.737892000000000792e+01,0.000000000000000000e+00
6.790040600000000204e+00,0.000000000000000000e+00,4.884310600000000591e+02,4.190160399999999896e+00,3.255419600000000457e+01,2.713386739999999619e+01,4.494244600000001100e+01,3.860397800000001212e+01,6.385716000000001259e+03,2.323381160000000278e+01,5.243788199999997914e+02,3.320590060000000676e+01,2.862932000000000244e+03,7.577654799999997692e+01,2.841043458000000328e+02,5.180535999999999603e+02,1.198639920000000302e+03,1.239373840000000087e+02,4.929785599999999022e+02,6.326478600000000618e+00,9.530663999999998737e+01,1.808181999999999971e+04,2.971402399999999489e+02,5.427842000000000553e+03,1.457927000000000044e+04,2.621176599999999326e+03,3.806901600000000326e+04,4.361487799999999879e+02,7.253558600000000922e+01,7.314254999999998574e+01,4.221532399999999257e+02,1.207560800000000256e+01,6.000077600000000011e+00,7.931488000000001648e+02,0.000000000000000000e+00,1.093693519999999808e+03,2.475899599999998827e+03,1.264942999999999984e+03,4.096284000000000560e+02,3.557112620000000334e+02,1.084385200000000005e+01,9.372396399999998948e+02,3.528748000000001070e+02,8.443237999999998920e+02,2.970299000000001115e+02,1.535224599999999668e+02,5.872642199999997814e+00,2.346948000000000256e+00,4.170445080000000360e+01,2.801849599999999274e+00,2.729325200000000109e+02,1.095214600000000019e+03,1.403984999999999594e+00,1.016880000000000145e-01,2.184420800000000717e+00,3.015877399999999753e+01,1.003693860000000271e+01,1.014936199999999822e+01,5.106936200000000703e+00,8.370241799999998022e+01,3.623345199999998822e+00,1.358860200000000020e+02,1.821413639999999390e+01,8.177558000000000327e-01,3.934252999999999645e+01,6.459521599999999353e+02,3.247664799999999730e+01,2.173297400000000437e+02,1.795849599999999935e+00,2.203633199999999803e+01,1.758804100000000972e+02,2.883991199999999822e+02,4.329783399999999460e+01,3.933106799999998771e+01,1.914526599999999689e+03,5.177655600000000959e+03,5.004567600000000027e+01,1.027540740000000419e+01,2.410308799999999962e+01,5.406441799999999631e+01,4.959838000000000857e-01,6.519002000000000407e-01,1.589907999999999504e+02,0.000000000000000000e+00
1.253653419999999869e+03,4.884310600000000591e+02,0.000000000000000000e+00,2.714878360000000512e+01,9.647528599999999344e+00,7.380885799999999790e+02,1.439866999999999825e+04,5.111134000000000924e+03,1.166690539999999601e+02,6.894276199999999335e+02,3.216751999999999043e+02,3.654254700000000611e+01,2.578686000000000078e+01,7.773205399999998008e+03,2.462951500000000493e+01,2.934572799999999688e+02,4.710744000000000233e+04,3.870005199999999377e+02,3.180430200000000241e+03,1.569295480000000254e+01,1.640279200000000128e+04,4.357958799999999542e+02,8.907558000000000175e+04,1.010778200000000083e+03,6.479869199999999552e+00,7.514888000000000466e+04,9.219288000000000466e+04,1.009871800000000076e+04,2.398645399999999427e+03,7.355637999999999010e+03,2.118377860000000013e+01,4.649283479999999713e+01,8.413462599999998304e+01,4.967046000000001186e+03,0.000000000000000000e+00,1.218704999999999927e+04,2.038920019999999931e+04,8.625704000000003361e+03,5.610363799999999173e+03,1.602240599999999802e+02,1.412903000000000020e+02,2.009656000000000020e+01,2.053591200000000754e+03,3.030187799999999697e+03,1.559989200000000437e+03,9.340493999999999915e+02,3.758068800000000209e+01,1.761215599999999881e+01,4.860764800000001884e+00,3.173269400000000218e+01,1.054492280000000392e+03,1.172345800000000054e+04,3.348621599999999532e+00,1.411178600000000394e+00,1.477683719999999923e+01,3.964337599999999497e+02,1.057472960000000057e+02,4.516778000000000048e+01,2.589044640000000541e+01,3.935519999999998930e+01,1.004325900000000082e+01,2.301226200000000688e+01,2.160335800000000859e+02,5.287227000000001453e+00,6.342696000000000822e+02,3.960708800000000792e+03,7.137419799999999270e+01,4.939267800000000648e+02,4.309458599999998363e+00,2.928523800000000392e+02,1.255835799999999608e+03,5.964332400000001144e+03,3.957010399999999208e+02,2.518355800000000144e+01,3.849609600000000682e+03,2.715584000000000015e+04,5.075155999999998926e+02,9.227535999999997784e+01,2.548332200000000114e+02,8.488852400000000742e+00,3.197960400000000813e+00,5.147592800000001745e+00,8.732288999999999533e+02,0.000000000000000000e+00
4.551654399999999612e+01,4.190160399999999896e+00,2.714878360000000512e+01,0.000000000000000000e+00,8.401396679999999151e+01,1.305536800000000085e+03,9.176135999999996784e+02,1.020695600000000127e+03,2.682431552000000011e+03,1.946215999999999985e+04,6.791864999999998531e+01,1.924533000000000175e+04,1.101451399999999836e+01,9.615013999999999896e+02,1.042937116000000287e+03,3.251108200000000004e+00,1.201057519999999990e+01,1.575280599999999964e+01,1.998277200000000420e+01,8.116358000000000175e+04,1.461056100000000235e+01,1.938016999999999967e+01,2.306873539999999423e+01,1.680972799999999916e+04,2.470170800000000000e+00,4.949357400000000951e+01,5.865743799999999197e+01,4.202595999999999913e+04,1.101559899999999516e+03,2.588642639999999062e+01,3.617575799999998676e+00,4.912984800000000973e+01,2.904835759999998857e+01,4.977345399999998108e+02,0.000000000000000000e+00,2.262140200000000277e+03,5.796103000000000804e+01,7.984414199999998800e+02,7.971362399999999582e+01,2.668700400000000172e+03,3.317301600000000121e+02,2.408823799999999693e+01,7.564690685999999005e+02,1.445163399999999854e+01,2.436014199999999903e+02,1.970518740000001046e+01,1.045965300000000070e+03,7.331514899999999102e+01,6.426883200000000684e+00,1.644004639999999995e+01,1.802971400000000335e+00,4.497849800000000009e+00,1.075755901599999788e+03,2.514282880000000375e+01,3.910749885999999833e+02,5.782038260000000491e+02,2.880841997999999080e+02,5.240705600000000004e+02,1.953635459999999966e+03,1.922771800000000297e+01,1.596993719999999939e+03,3.474632399999999954e+00,1.928359019999999759e+02,2.090959580000000528e+02,4.450537399999999089e+00,2.044991799999999582e+00,5.498854600000000481e+00,4.926391399999999976e+00,9.160296000000000731e+02,7.813803799999999633e+00,6.411487400000001280e+00,9.008074399999998150e+00,2.883719599999998991e+03,4.290291999999999994e-01,1.693023580000000194e+01,2.037864860000000178e+01,3.217861759999999776e+03,2.477063349999999673e+02,2.576871620000000007e+01,1.897075599999999751e+00,1.163237460000000212e+01,5.826677600000001789e+00,1.611241659999999740e+02,0.000000000000000000e+00
4.727113199999999793e+00,3.255419600000000457e+01,9.647528599999999344e+00,8.401396679999999151e+01,0.000000000000000000e+00,1.396570000000000255e+04,1.098221419999999995e+02,1.641587000000000216e+03,1.036225999999999658e+03,2.342939000000000078e+02,2.073292559999999582e+02,1.177761999999999489e+03,2.052134599999999409e+01,1.604282600000000230e+02,1.858952600000000166e+04,4.973871799999998622e+00,1.054182379999999775e+01,2.012748020000000082e+01,1.716926800000000242e+01,1.426192000000000064e+02,2.981406359999999367e+01,1.029548686000000117e+02,3.652573999999999188e+01,6.769006200000000035e+02,9.778656800000000260e+00,5.840974400000000344e+01,9.124819599999999298e+01,2.906669600000001310e+02,4.909163399999998205e+02,2.085139119999999835e+01,8.562016800000000316e+00,4.149773040000000037e+03,2.934396200000000121e+00,1.725086219999999685e+03,0.000000000000000000e+00,9.143160000000002583e+02,1.059054520000000110e+02,5.349699600000000146e+02,1.712900139999999851e+02,3.292123799999999756e+04,1.317002340000000004e+04,6.553122800000001291e+01,8.083418000000000347e+01,2.344921919999999815e+01,7.165477200000000835e+01,1.275288099999999929e+02,7.904337199999999086e+01,1.418175660000000171e+01,5.614252400000000698e+00,7.972603999999998692e-01,3.290664000000000367e-01,2.007094799999999957e+00,1.987849540000000204e+01,2.321134799999999743e+01,1.566070000000000562e+01,1.540741420000000339e+01,9.306451199999999702e+00,1.326076660000000018e+01,3.533151780000000031e+01,9.625970000000001470e-01,5.013196399999998931e+01,7.107754000000001682e-01,7.333987200000001039e+00,2.685727200000000892e+01,4.206268800000000141e+00,8.140144000000000268e-01,4.255439999999999223e-01,8.555048000000000652e-01,1.849794179999999955e+01,8.459721200000000607e+00,1.559378600000000059e+00,1.240986680000000497e+01,6.814684999999997217e+01,4.180139999999999550e-02,4.305275199999999636e+00,1.277286000000000499e+01,7.690884999999998684e+01,9.573291399999998674e+00,5.735702999999999996e+00,3.219384000000000134e-01,9.170487999999999973e-01,3.978619999999999934e-01,6.681180800000001696e+00,0.000000000000000000e+00
1.509985639999999876e+02,2.713386739999999619e+01,7.380885799999999790e+02,1.305536800000000085e+03,1.396570000000000255e+04,0.000000000000000000e+00,1.876020280000000275e+04,7.309186000000000058e+04,1.442851200000000063e+03,8.590486000000000058e+04,1.121164800000000014e+03,4.521868000000000029e+04,1.493110399999999913e+02,8.823226000000000568e+03,2.267150999999999840e+04,1.640674539999999837e+01,3.230761200000000599e+02,2.130886400000000265e+02,2.623677200000000198e+02,3.949806199999999535e+03,5.260864999999998872e+02,7.951634800000000780e+01,7.989702400000001035e+02,3.031007599999999002e+03,1.984431859999999759e+01,7.663941599999998289e+02,5.699167999999999665e+02,9.274677800000001298e+03,4.147865999999999076e+03,6.862943199999997432e+02,4.861371199999999249e+01,8.436666000000001077e+03,4.889052400000000631e+01,2.096097199999999702e+03,0.000000000000000000e+00,8.512005999999999403e+03,5.384510000000000218e+02,3.434317999999999756e+03,3.212681000000000608e+02,2.561302000000000044e+04,1.265636000000000240e+04,6.362808199999998351e+02,5.573991000000000895e+02,4.135945200000000455e+01,3.646013200000000438e+02,6.808403999999998746e+01,6.510132800000001225e+02,9.975449999999996464e+01,6.201703359999997645e+01,2.494962499999999750e+01,3.083852600000000166e+00,2.779151720000000125e+01,4.270947299999999700e+02,2.737048779999999937e+01,3.218761200000000713e+02,4.340784699999999248e+02,2.891621200000000158e+02,2.317041555999999787e+02,8.744188999999996668e+02,1.971452540000000297e+01,7.094690140000000156e+02,9.584523199999999576e+00,2.006100400000000548e+02,1.522226579999999956e+02,2.447774679999999492e+01,1.161824120000000526e+01,6.656459799999997706e+00,8.738754200000000694e+00,3.019401940000000195e+02,2.459915000000000873e+01,1.417208199999999785e+01,4.954419800000001572e+01,1.746115493999999671e+03,1.491553599999999813e+00,5.104516200000001191e+01,1.011382040000000018e+02,1.911879362000000583e+03,2.761650999999999385e+02,8.257451120000000344e+01,3.748418199999999700e+00,1.586088680000000117e+01,1.058014760000000010e+01,1.608122600000000091e+02,0.000000000000000000e+00
1.577572199999999793e+04,4.494244600000001100e+01,1.439866999999999825e+04,9.176135999999996784e+02,1.098221419999999995e+02,1.876020280000000275e+04,0.000000000000000000e+00,4.663340000000000146e+04,2.197854400000000169e+03,5.141762000000000262e+04,8.152519999999999527e+02,8.105942399999998997e+02,9.961011999999996647e+01,9.013427999999999884e+04,7.062329200000000355e+02,2.310947400000000869e+02,4.072727800000001025e+03,2.754680400000000304e+02,9.568684000000002925e+02,5.128970199999999977e+02,1.458616599999999926e+04,3.619843260000000100e+02,1.846039999999999782e+04,1.362462600000000020e+04,1.819376399999999805e+01,6.394790400000000773e+03,3.943649599999998372e+03,1.554031199999999953e+05,2.105237200000000303e+04,5.467754000000000087e+04,3.516366799999999415e+01,3.985405600000000277e+02,1.263492000000000417e+03,6.674850000000001273e+03,0.000000000000000000e+00,1.746695799999999872e+04,1.488212800000000243e+03,8.380323999999998705e+03,1.834411399999999958e+03,4.816853999999999360e+03,2.217384799999999359e+03,1.966007799999999861e+02,1.066971599999999853e+03,1.535140800000000070e+02,7.638191000000000486e+02,1.652623600000000579e+02,5.847951199999999972e+02,1.466093400000000315e+02,2.113139400000000023e+01,9.953315800000000024e+01,1.937452199999999181e+01,2.791783399999999915e+02,3.788499819999999545e+02,1.056345199999999807e+01,1.851807000000000016e+02,1.320416060000000243e+03,4.567301200000001131e+02,5.076062399999999002e+02,8.101338439999999537e+02,3.614384479999998945e+01,3.583143840000000750e+02,1.217839960000000232e+01,4.727766399999999862e+02,6.552336419999998895e+01,2.289132200000000239e+02,9.450313999999998771e+01,1.466357339999999709e+01,2.786552599999999913e+01,2.593510960000000978e+02,1.944139599999999746e+02,1.151243200000000257e+02,5.445480999999998630e+02,3.739999279999999999e+03,2.419023000000000145e+00,1.748018399999999986e+02,7.845749400000001970e+02,4.449816799999999603e+03,8.075196799999998802e+02,4.977416399999999044e+02,5.633580199999999927e+00,1.750264999999999560e+01,4.030096800000001878e+01,4.711053020000001652e+02,0.000000000000000000e+00
3.296278400000000147e+03,3.860397800000001212e+01,5.111134000000000924e+03,1.020695600000000127e+03,1.641587000000000216e+03,7.309186000000000058e+04,4.663340000000000146e+04,0.000000000000000000e+00,1.775672199999999975e+03,3.599741000000000349e+04,2.274562200000000303e+03,1.260251400000000103e+04,2.567933599999999501e+02,6.365531999999999971e+04,5.144054000000000997e+03,4.024714600000001496e+01,4.655538599999998951e+03,5.600842200000000730e+02,1.505608200000000579e+03,2.398822000000000116e+03,3.418919400000000678e+03,1.785278320000000178e+02,8.278279599999998027e+03,5.192857599999999366e+03,3.021985319999999930e+01,4.429353999999997541e+03,1.465745199999999613e+03,9.894244000000004235e+03,9.184995999999999185e+03,1.313408480000000054e+04,7.722241400000001477e+01,8.221454000000003361e+03,9.196345999999999776e+01,4.094575999999999112e+03,0.000000000000000000e+00,1.245679199999999946e+04,1.126164599999999837e+03,4.938009999999999309e+03,6.875283999999999196e+02,1.771686000000000058e+04,7.934068000000000211e+03,1.128667180000000144e+03,8.039733599999998432e+02,1.048740599999999858e+02,8.452610000000001946e+02,1.524371800000000121e+02,5.596302200000002358e+02,2.158132800000000202e+02,1.318756098000000065e+02,8.961826999999999543e+01,1.053390060000000261e+01,1.324419600000000230e+02,2.992570465999999669e+02,1.059890079999999912e+01,2.597524799999999914e+02,9.738310600000003205e+02,6.061774999999998954e+02,3.618084020000000010e+02,7.351566399999996975e+02,3.686631940000000185e+01,3.267559760000000324e+02,2.006646299999999883e+01,5.225718000000000529e+02,6.795330400000000282e+01,7.882581400000000826e+01,4.238707599999998621e+01,1.281729200000000191e+01,2.319355059999999469e+01,1.817497600000000375e+02,1.033516280000000194e+02,5.414667119999999301e+01,1.691784200000000169e+02,2.970940240000000358e+03,3.904212799999998929e+00,1.363947400000000130e+02,3.757839199999999096e+02,3.113555799999999635e+03,7.296302799999997433e+02,3.358191599999999539e+02,6.640770999999999979e+00,2.745946399999999699e+01,3.083089199999999508e+01,4.033835399999999254e+02,0.000000000000000000e+00
1.610770200000000614e+02,6.385716000000001259e+03,1.166690539999999601e+02,2.682431552000000011e+03,1.036225999999999658e+03,1.442851200000000063e+03,2.197854400000000169e+03,1.775672199999999975e+03,0.000000000000000000e+00,2.897135399999999663e+03,2.798489399999999137e+02,2.537591000000000349e+03,4.885936399999999935e+02,1.465314400000000205e+03,9.447161799999999857e+03,1.253024599999999964e+02,4.037496800000000690e+02,6.248537999999999215e+01,1.654114600000000053e+02,1.293796340000000100e+03,1.265119000000000113e+02,2.941438799999999901e+04,1.758380800000000193e+02,5.939173999999999796e+04,2.149003800000000410e+03,8.259943999999999278e+02,8.971402000000001863e+03,1.469878000000000065e+04,2.474730199999999968e+03,1.673948579999999993e+03,1.028000319999999306e+02,1.262539599999999638e+02,2.823810000000000286e+02,1.240508199999999988e+03,0.000000000000000000e+00,3.779532000000000608e+03,6.033415999999999713e+02,1.768833600000000388e+03,3.754792800000000170e+02,6.832489999999999782e+03,4.546233999999998332e+02,1.547983199999999897e+02,6.012640000000001237e+02,7.399928599999999790e+01,3.696983800000000429e+02,5.434890999999999650e+01,6.556759900000002972e+02,7.270157999999997855e+01,1.208695400000000220e+01,4.099797199999999009e+01,8.947275599999997553e+00,6.335319000000001211e+01,5.770163999999999760e+02,1.620172599999999719e+01,1.831144820000000379e+02,5.201987200000000939e+02,2.219361299999999346e+02,1.220290920000000142e+03,8.280085055999999213e+02,3.044424039999999465e+01,7.603199999999998226e+02,2.370748000000000388e+01,2.131701999999999657e+02,1.302497000000000185e+02,1.526221799999999860e+02,2.573193799999999953e+01,8.622940599999999733e+00,1.456544199999999734e+01,4.339693599999999378e+02,1.516401000000000465e+02,9.350961999999999819e+01,1.246614000000000431e+02,4.111280600000000959e+03,2.469719599999999904e+00,1.205888799999999748e+02,1.854235000000000184e+02,2.974690000000000964e+03,4.058833999999999378e+02,3.037413600000000429e+02,1.205572539999999471e+01,9.393352800000000613e+00,2.404371140000000295e+01,2.438611600000000124e+02,0.000000000000000000e+00
3.101614600000000337e+02,2.323381160000000278e+01,6.894276199999999335e+02,1.946215999999999985e+04,2.342939000000000078e+02,8.590486000000000058e+04,5.141762000000000262e+04,3.599741000000000349e+04,2.897135399999999663e+03,0.000000000000000000e+00,1.189618399999999838e+03,3.733206999999999971e+04,1.619758199999999988e+02,1.841611599999999817e+04,1.506528060000000096e+03,2.355058400000000418e+01,2.599182400000000257e+02,2.724932799999999702e+02,3.555800399999999968e+02,2.335516500000000451e+04,4.357886400000001572e+02,4.919457320000000777e+01,6.731958199999999124e+02,7.770737999999999374e+03,2.199666080000000079e+01,8.549241999999999280e+02,8.152702000000000453e+02,5.224762000000000262e+04,9.956519999999996799e+03,3.960490600000000541e+02,5.403288599999999775e+01,6.243283999999999878e+02,1.329101899999999716e+02,4.139468000000000757e+03,0.000000000000000000e+00,1.615632399999999870e+04,7.023011999999999944e+02,6.190203999999998814e+03,5.811793999999999869e+02,7.864074000000000524e+03,3.040832000000000335e+03,3.266574599999999577e+02,1.129927920000000086e+03,5.707110400000000539e+01,6.274060399999998481e+02,8.671165999999999485e+01,1.404934520000000475e+03,1.775355000000000416e+02,3.446895200000000159e+01,5.062857519999999312e+01,6.085407999999998374e+00,3.272164939999999689e+01,1.834666376199999604e+03,4.820631200000000405e+01,8.031208599999999933e+02,1.398983705999999984e+03,6.752524799999998777e+02,8.539290074000001596e+02,4.131013031999999839e+03,4.794916999999999518e+01,2.282395992999999635e+03,1.563877579999999412e+01,4.798506600000000049e+02,3.112487140000000068e+02,2.353137960000000106e+01,1.498082059999999771e+01,1.533746059999999467e+01,1.841847760000000278e+01,1.359024996000000101e+03,2.879545000000000599e+01,2.014364600000000038e+01,5.722469600000000156e+01,6.079858943999999610e+03,2.875121800000000061e+00,8.763821599999999989e+01,1.380191359999999747e+02,7.030641655999999784e+03,6.104528599999999869e+02,9.414848399999999629e+01,6.654116800000000609e+00,2.728683200000000042e+01,1.745617200000000224e+01,3.777698419999999828e+02,0.000000000000000000e+00
1.532527999999999793e+02,5.243788199999997914e+02,3.216751999999999043e+02,6.791864999999998531e+01,2.073292559999999582e+02,1.121164800000000014e+03,8.152519999999999527e+02,2.274562200000000303e+03,2.798489399999999137e+02,1.189618399999999838e+03,0.000000000000000000e+00,8.970924800000000232e+02,2.208784999999999854e+04,4.528494600000001810e+03,1.706203200000000209e+02,1.073584400000000159e+02,4.834597200000000157e+03,3.314898000000000320e+04,1.376123399999999856e+04,2.378556999999999846e+02,5.772934000000001333e+02,2.405211119999999312e+02,1.258215400000000045e+03,3.387811999999999557e+02,1.719896600000000262e+03,2.722475000000000000e+04,7.565910000000000764e+03,6.787441999999998643e+02,3.204670000000000073e+03,5.925738000000000056e+02,5.351524000000000342e+03,1.582139599999999973e+03,4.627272199999999458e+01,3.362526000000000204e+04,0.000000000000000000e+00,2.097504200000000310e+03,2.264509000000000015e+04,2.074160599999999977e+04,7.625475999999996475e+02,6.859284000000002379e+02,8.636533199999997805e+02,1.108167199999999684e+04,8.950235599999997760e+01,2.850220600000000104e+03,2.623270800000000236e+02,2.576756799999999359e+01,3.337410000000000565e+01,1.143767259999999908e+01,1.231142102000000250e+03,5.705110199999998244e+00,1.732945800000000247e+02,5.817008999999998053e+01,1.146968599999999405e+01,1.416295399999999649e+00,1.135433379999999914e+01,5.706122400000000283e+01,3.141327800000000181e+01,4.187416400000000039e+01,2.955538800000000776e+01,3.408356400000000122e+03,1.667281200000000041e+01,8.559161400000000867e+03,4.215983200000001574e+01,4.704502799999999318e+00,2.948197799999999447e+01,3.910313400000001138e+01,3.775272800000000188e+02,1.062507980000000174e+02,8.868475999999994031e+00,1.874860219999999700e+01,6.021089800000000025e+01,7.117445999999999628e+01,1.795362219999999525e+02,7.262627999999999702e+02,3.686428800000000592e+03,3.392886000000000422e+03,1.923674940000000504e+02,5.630388799999998639e+01,2.924227200000000337e+01,2.017546599999999671e+03,1.168910660000000057e+01,2.595727200000000234e+00,1.010558199999999829e+02,0.000000000000000000e+00
3.324943160000000120e+01,3.320590060000000676e+01,3.654254700000000611e+01,1.924533000000000175e+04,1.177761999999999489e+03,4.521868000000000029e+04,8.105942399999998997e+02,1.260251400000000103e+04,2.537591000000000349e+03,3.733206999999999971e+04,8.970924800000000232e+02,0.000000000000000000e+00,1.172137400000000014e+02,6.941603399999998146e+03,1.289127799999999843e+04,5.357287599999999372e+00,7.578437599999998042e+01,1.902243999999999460e+02,2.170783599999999467e+02,6.102769999999999709e+04,2.418547799999999981e+01,9.217797999999999092e+01,5.459241759999999744e+01,7.137720600000000559e+03,1.986832439999999522e+01,3.921703200000000038e+02,4.481444800000000441e+02,1.102567740000000231e+04,3.847782999999998538e+03,5.109774600000000788e+01,4.333177200000000084e+01,7.147615999999999303e+02,9.474348799999997794e+00,2.037827599999999848e+03,0.000000000000000000e+00,7.738599199999997836e+03,4.414975800000000845e+02,3.107539200000000619e+03,1.894751360000000204e+02,1.712179799999999886e+04,2.157485000000000127e+03,2.927899400000000014e+02,1.102955758000000060e+03,3.286599079999999873e+01,3.011071479999999951e+02,5.821945399999998472e+01,1.860909981999999218e+03,9.725438399999997330e+01,3.166176520000000849e+01,1.697582399999999936e+01,4.081374599999999297e+00,1.024710400000000377e+01,1.579058719999999994e+03,7.614706979999998282e+01,6.973415980000000900e+02,5.870606273999999303e+02,3.483590939999999705e+02,6.770899200000000064e+02,2.498824400000000423e+03,2.509789000000000314e+01,3.013542394000000968e+03,8.706002199999998581e+00,2.186705482000000416e+02,4.905996013999998695e+02,9.495796599999998477e+00,5.296409800000001056e+00,8.182144400000000317e+00,9.517167199999997607e+00,1.272944380000000365e+03,1.367611859999999702e+01,1.058230980000000088e+01,1.655849600000000166e+01,4.034962305999998989e+03,1.846260599999999696e+00,4.921233000000000146e+01,6.229863999999999891e+01,4.054558714199999940e+03,2.685227519999999117e+02,4.558724899999999280e+01,3.868769599999998920e+00,2.045257880000000483e+01,7.205662400000001355e+00,1.658980199999999741e+02,0.000000000000000000e+00
1.245139019999999874e+01,2.862932000000000244e+03,2.578686000000000078e+01,1.101451399999999836e+01,2.052134599999999409e+01,1.493110399999999913e+02,9.961011999999996647e+01,2.567933599999999501e+02,4.885936399999999935e+02,1.619758199999999988e+02,2.208784999999999854e+04,1.172137400000000014e+02,0.000000000000000000e+00,4.748235800000000495e+02,3.736409400000000147e+01,2.017673399999999617e+01,3.460144799999999066e+01,3.179536200000000576e+02,9.092531999999997083e+01,3.092321799999999143e+01,1.520308599999999899e+01,1.056983799999999974e+03,2.677310999999999552e+01,3.333661399999999162e+02,1.596697999999999956e+04,3.306352799999999206e+03,2.299401200000000244e+04,1.129613400000000354e+02,3.203310999999999922e+02,3.164301800000000497e+01,9.325179999999998472e+03,1.951335340000000258e+02,1.744158399999999443e+00,1.300144400000000132e+03,0.000000000000000000e+00,2.462810999999998955e+02,7.899596000000001368e+03,4.191626000000000204e+03,9.722432399999999575e+01,1.265964799999999570e+02,4.986718579999999861e+02,8.931968000000000757e+03,4.643191999999998387e+01,6.528898000000001957e+03,3.403116999999999734e+02,2.295240599999999631e+01,1.180642480000000383e+01,9.826616200000000134e+00,2.309828019999999924e+03,1.545911800000000058e+00,2.170698999999999899e+02,1.288206599999999824e+01,2.060255199999999842e+00,1.633846600000000038e+00,7.804866600000001320e+00,1.315374600000000349e+01,2.129298140000000217e+01,3.086530800000000951e+01,1.047013279999999824e+01,7.005210000000000946e+03,7.112643600000001065e+00,1.632961599999999817e+04,3.129505999999999943e+01,2.791116599999999615e+00,5.235649399999999787e+00,2.005464999999999876e+01,6.849200399999998581e+02,1.641216000000000292e+02,2.299772999999999179e+00,3.958710199999999180e+00,5.866304200000002567e+01,7.779605999999997579e+00,4.687896599999999836e+01,1.309367799999999761e+03,7.655680000000001201e+03,5.582946000000000822e+03,3.181117200000000622e+01,2.970112999999999914e+01,6.680304400000002474e+00,4.150442799999998897e+03,1.430794219999999584e+01,4.698382000000000946e-01,1.224244000000000483e+02,0.000000000000000000e+00
2.992813999999999942e+04,7.577654799999997692e+01,7.773205399999998008e+03,9.615013999999999896e+02,1.604282600000000230e+02,8.823226000000000568e+03,9.013427999999999884e+04,6.365531999999999971e+04,1.465314400000000205e+03,1.841611599999999817e+04,4.528494600000001810e+03,6.941603399999998146e+03,4.748235800000000495e+02,0.000000000000000000e+00,1.040701800000000048e+03,7.153039599999996767e+01,8.661416000000002896e+03,1.152841200000000072e+03,2.969561800000000403e+03,1.958207599999999502e+03,5.043011200000000827e+03,3.298207840000000601e+02,1.404311199999999917e+04,3.973919400000000223e+03,6.484528800000002491e+01,7.519410000000000764e+03,2.928343200000000252e+03,1.141812599999999838e+04,5.303323999999999796e+04,4.041053800000000047e+04,1.630986140000000830e+02,3.281999400000000605e+03,1.975898200000000031e+02,1.052124200000000201e+04,0.000000000000000000e+00,1.317990000000000146e+04,2.055717199999999593e+03,7.738600000000001273e+03,6.973257999999997310e+02,6.693539999999999054e+03,4.286925999999999476e+03,9.260986000000000331e+02,7.330685199999998076e+02,1.326038800000000037e+02,6.734184000000001333e+02,1.272690400000000182e+02,3.842535800000000563e+02,1.453503599999999381e+02,7.826534859999998162e+01,7.955268999999999835e+01,1.472760360000000190e+01,1.923406999999999982e+02,1.588441899999999691e+02,6.014180399999998983e+00,1.186087399999999832e+02,7.096078999999999724e+02,3.334748399999999720e+02,2.754410519999999565e+02,3.400330540000000497e+02,3.500779400000000408e+01,1.636384260000000097e+02,3.030338260000000616e+01,3.810685000000000855e+02,3.874593399999999122e+01,1.279797800000000052e+02,6.026674600000001192e+01,1.636852720000000261e+01,3.568369099999998895e+01,9.906110599999998101e+01,1.827060000000000173e+02,8.693897799999996323e+01,2.129882599999999684e+02,2.209210519999999633e+03,6.282066599999999390e+00,2.422713600000000156e+02,5.734994599999999991e+02,2.603391599999999926e+03,6.319011000000000422e+02,4.405530839999998989e+02,1.164145599999999980e+01,1.788705799999999613e+01,3.421852599999999001e+01,3.482796839999999747e+02,0.000000000000000000e+00
1.317489799999999178e+01,2.841043458000000328e+02,2.462951500000000493e+01,1.042937116000000287e+03,1.858952600000000166e+04,2.267150999999999840e+04,7.062329200000000355e+02,5.144054000000000997e+03,9.447161799999999857e+03,1.506528060000000096e+03,1.706203200000000209e+02,1.289127799999999843e+04,3.736409400000000147e+01,1.040701800000000048e+03,0.000000000000000000e+00,1.868854700000000335e+01,3.635808000000000817e+01,2.988069599999999681e+01,3.462096600000000279e+01,1.432473400000000311e+03,1.097442079999999862e+02,1.002227780800000005e+03,9.805492800000001807e+01,7.410638399999999820e+03,7.840116219999998748e+01,1.044052200000000141e+02,5.100325519999998392e+02,2.690910079999999653e+03,6.963763999999998759e+02,1.150262360000000115e+02,1.120452279999999945e+01,2.186857999999998810e+03,2.076824599999999776e+01,2.888257999999998447e+02,0.000000000000000000e+00,2.943748400000000856e+03,2.004056000000000211e+02,7.678416000000001986e+02,3.981863399999999729e+02,2.706914200000000346e+04,1.078346000000000004e+03,8.824547000000001162e+01,3.700569999999999595e+02,3.822002999999999417e+01,1.647018200000000547e+02,1.616002180000000408e+02,4.415355799999999817e+02,4.012774800000000397e+01,1.022894500000000129e+01,9.235451400000000532e+00,1.153402800000000061e+00,8.217100199999999077e+00,2.069004270000000645e+02,2.363083200000000517e+01,1.190650519999999659e+02,1.404334540000000118e+02,6.734593999999999880e+01,1.360903640000000223e+02,2.911909671999999887e+02,6.907368199999998737e+00,3.778923999999999523e+02,2.831770399999999910e+00,5.920519199999998960e+01,1.210242180000000047e+02,2.043190939999999856e+01,3.005758199999999825e+00,1.858406000000000224e+00,3.575727799999999679e+00,1.605712359999999705e+02,2.689700820000000192e+01,1.283938779999999902e+01,2.985039199999999227e+01,7.433079160000002048e+02,3.504394000000000120e-01,1.666940000000000310e+01,3.290564799999999934e+01,7.662980599999999640e+02,1.079072310000000527e+02,4.967704200000000014e+01,1.142710999999999588e+00,4.601057600000000747e+00,5.884584399999997828e+00,7.106350399999998046e+01,0.000000000000000000e+00
1.262580000000000346e+01,5.180535999999999603e+02,2.934572799999999688e+02,3.251108200000000004e+00,4.973871799999998622e+00,1.640674539999999837e+01,2.310947400000000869e+02,4.024714600000001496e+01,1.253024599999999964e+02,2.355058400000000418e+01,1.073584400000000159e+02,5.357287599999999372e+00,2.017673399999999617e+01,7.153039599999996767e+01,1.868854700000000335e+01,0.000000000000000000e+00,7.486370000000001710e+02,5.173541600000000784e+01,2.147538600000000883e+02,2.604226599999999614e+00,2.916447600000000239e+04,2.063697199999999793e+04,4.874886000000000058e+04,1.009617799999999625e+04,6.822035200000000543e+01,7.498408000000001721e+02,3.569350000000000000e+04,1.172300600000000122e+04,2.044670199999999625e+02,1.399947799999999916e+03,7.932170400000001287e+00,6.827913600000000471e+00,5.116138600000001446e+01,3.425825199999998858e+03,0.000000000000000000e+00,1.394839199999999983e+04,7.415994000000001506e+03,7.694421999999999571e+03,5.310367999999999483e+03,2.309449200000000246e+02,9.325231999999999744e+01,1.310476800000000352e+01,2.264700000000000273e+03,1.047903600000000097e+03,1.157766599999999926e+03,6.780784599999999500e+02,7.262918000000001939e+01,1.905560200000000037e+01,2.486982400000000037e+00,4.761499200000002929e+01,2.734093800000000485e+01,6.071445999999999685e+02,3.553598000000001811e+00,1.388488200000000283e+00,9.410731800000000646e+00,2.243747799999999870e+02,5.868105400000000316e+01,1.405470803999999987e+02,1.555617179999999955e+01,1.499018079999999387e+01,7.240079799999998400e+00,3.411295399999999756e+00,1.366242800000000273e+02,1.087767519999999699e+01,1.243622399999999834e+04,1.602573799999999835e+02,1.603816600000000037e+01,4.687426599999999866e+01,2.854487599999999237e+00,4.290277999999999338e+03,3.747027999999999793e+03,1.866709999999999854e+04,1.833753600000000233e+03,1.941494000000000497e+00,1.922183799999999962e+02,4.660516000000000531e+03,2.112572200000000521e+03,3.576129399999999237e+02,1.681705200000000104e+03,1.694249799999999695e+00,1.626077000000000439e+00,4.720902199999999738e+01,5.979630599999999276e+02,0.000000000000000000e+00
2.194643399999999019e+03,1.198639920000000302e+03,4.710744000000000233e+04,1.201057519999999990e+01,1.054182379999999775e+01,3.230761200000000599e+02,4.072727800000001025e+03,4.655538599999998951e+03,4.037496800000000690e+02,2.599182400000000257e+02,4.834597200000000157e+03,7.578437599999998042e+01,3.460144799999999066e+01,8.661416000000002896e+03,3.635808000000000817e+01,7.486370000000001710e+02,0.000000000000000000e+00,3.747270799999999781e+03,2.236497000000000116e+04,2.765511999999999659e+01,7.525296000000001186e+03,1.054622299999999996e+03,3.217409999999999854e+04,1.191841599999999971e+03,2.177322200000000052e+01,2.427109999999999854e+04,5.336744000000000233e+04,2.584691999999999098e+03,8.766033999999999651e+03,1.541918599999999788e+04,2.555992400000000586e+01,7.564329600000002074e+01,4.424721799999998666e+02,1.957643999999999869e+04,0.000000000000000000e+00,5.625012000000001535e+03,2.409193999999999869e+04,8.624121999999999389e+03,2.597839599999999791e+03,1.561892999999999461e+02,1.026077200000000147e+02,2.058512600000000603e+01,8.292612000000001444e+02,1.756512199999999439e+03,6.834245800000001054e+02,3.617276000000001090e+02,1.838043600000000311e+01,6.998523399999999839e+00,3.302853399999999606e+00,1.211772400000000260e+01,5.720303000000000111e+02,4.044140000000000782e+03,1.950830800000000309e+00,6.204430000000000778e-01,6.618473399999999174e+00,1.261066000000000145e+02,3.908848800000000523e+01,2.183494599999999863e+01,1.205941420000000086e+01,2.608464000000000382e+01,5.892370400000000785e+00,2.708375799999999245e+01,7.341984200000000271e+01,2.587219799999999292e+00,2.459011799999999823e+02,1.974887800000000198e+03,5.620882400000000700e+01,4.893305200000002060e+02,2.260485199999999750e+00,1.527898600000000613e+02,3.175707799999999565e+02,1.365203799999999546e+03,1.741368200000000570e+02,2.998647399999999763e+01,3.724621799999999894e+03,1.110959799999999814e+04,2.271139200000000358e+02,4.552532199999999563e+01,1.270349599999999697e+02,1.152639399999999981e+01,1.664791000000000354e+00,2.777576399999999612e+00,3.764364199999999983e+02,0.000000000000000000e+00
1.019237399999999951e+02,1.239373840000000087e+02,3.870005199999999377e+02,1.575280599999999964e+01,2.012748020000000082e+01,2.130886400000000265e+02,2.754680400000000304e+02,5.600842200000000730e+02,6.248537999999999215e+01,2.724932799999999702e+02,3.314898000000000320e+04,1.902243999999999460e+02,3.179536200000000576e+02,1.152841200000000072e+03,2.988069599999999681e+01,5.173541600000000784e+01,3.747270799999999781e+03,0.000000000000000000e+00,1.420061400000000140e+04,5.281193199999998455e+01,3.455331200000001104e+02,7.829747200000001328e+01,7.269038600000001225e+02,1.019038399999999882e+02,2.116574159999999836e+02,1.362132600000000093e+04,4.671416799999999967e+03,2.187782599999999036e+02,8.962535999999998921e+02,4.815542799999999488e+02,4.506184199999999009e+02,2.016250000000000000e+02,3.368840000000000146e+01,8.558909999999999854e+03,0.000000000000000000e+00,1.767939599999999928e+03,1.482308799999999792e+04,8.181897999999998319e+03,7.664387999999999010e+02,1.325581999999999994e+02,7.906413399999999569e+01,5.558115959999998950e+02,6.815094000000000563e+01,5.959714200000000801e+02,1.422652820000000133e+02,3.108156579999999991e+01,7.905002599999997770e+00,2.643089799999999823e+00,1.474947599999999781e+01,1.728251799999999783e+00,2.951691599999999482e+01,6.458733599999999342e+01,2.414195000000000313e+00,2.336799999999999988e-01,2.989018800000000198e+00,1.657527680000000103e+01,8.213078599999999341e+00,7.698435399999999262e+00,7.138715799999999945e+00,2.829195799999999394e+02,3.860369399999999729e+00,7.039705599999999777e+02,1.123800359999999721e+01,1.219932200000000133e+00,1.500922359999999500e+01,5.061761000000001332e+01,2.757011999999999716e+02,1.849441060000000334e+02,2.101675599999999644e+00,1.075972240000000113e+01,1.252502600000000044e+01,4.247948000000000945e+01,4.291410579999998731e+01,1.466983400000000017e+02,2.691858799999999974e+03,2.276362000000000080e+03,4.818396399999998891e+01,1.342785399999999818e+01,1.179358060000000030e+01,3.775637199999998757e+02,1.214041799999999949e+00,6.249474000000000418e-01,5.487886800000000420e+01,0.000000000000000000e+00
5.340937000000000126e+02,4.929785599999999022e+02,3.180430200000000241e+03,1.998277200000000420e+01,1.716926800000000242e+01,2.623677200000000198e+02,9.568684000000002925e+02,1.505608200000000579e+03,1.654114600000000053e+02,3.555800399999999968e+02,1.376123399999999856e+04,2.170783599999999467e+02,9.092531999999997083e+01,2.969561800000000403e+03,3.462096600000000279e+01,2.147538600000000883e+02,2.236497000000000116e+04,1.420061400000000140e+04,0.000000000000000000e+00,6.674864600000002213e+01,1.473034400000000005e+03,2.863468799999999987e+02,3.596306000000000950e+03,2.978931599999999662e+02,1.698499660000000517e+02,3.346658000000000175e+04,1.516848200000000179e+04,6.173490000000000464e+02,2.812004399999999350e+03,2.450474399999999605e+03,8.305644000000000915e+01,1.548834799999999916e+02,1.418092660000000365e+02,2.504997999999999956e+04,0.000000000000000000e+00,6.357686000000000604e+03,2.284861599999999453e+04,1.388835199999999895e+04,2.879376200000000608e+03,1.729110799999999699e+02,7.161258800000000235e+01,4.315420839999999458e+01,3.742551799999999389e+02,1.318633800000000065e+03,4.325447999999999524e+02,1.557991179999999929e+02,1.425535260000000193e+01,4.688214999999999577e+00,5.755895200000000322e+00,6.350056800000001722e+00,1.873922200000000089e+02,5.247957999999999856e+02,3.030827799999999517e+00,5.472696000000000227e-01,5.375524200000000086e+00,4.712253000000000469e+01,1.855303119999999950e+01,1.335774999999999579e+01,1.201289399999999574e+01,8.360126599999998120e+01,7.839570000000000149e+00,1.843078199999999924e+02,3.329446199999999578e+01,2.174347599999999936e+00,6.560297999999998808e+01,5.632718999999998459e+02,2.018385360000000333e+02,8.621756000000000313e+02,3.119670999999999417e+00,5.017926999999998117e+01,4.679632200000001063e+01,2.015188800000000526e+02,7.803271800000000269e+01,1.648299959999999089e+02,5.135597399999999652e+03,5.925016000000000531e+03,9.441609999999998593e+01,2.685727140000000901e+01,5.348126600000001218e+01,1.000027359999999845e+02,1.728844000000000047e+00,1.524704599999999743e+00,2.104244759999999985e+02,0.000000000000000000e+00
